70799
4568
1405177
49928
1761794
146919
39107
353153
216142
1706369
216572
53274
1126833
1636603
9739
477245
53335
1825980
227
1404864
42229
135719
307758
515393
196806
657387
3702
1763
190323
358681
1852967
738
106370
187303
135575
7225
69929
2014742
43661
2202254
366649
306
40410
765911
582744
1063
1965282
28131
2335
67375
61651
28641
2562449
575
2136172
1983614
67780
243233
3655
1354304
10092
134536
1156937
251229
32046
147428
461281
617123
380021
157668
1049583
926566
1176533
2213226
184914
3693
673372
29557
2506608
2107713
357276
351348
8954
1123772
73337
1408163
1028989
669041
1325107
1671868
156978
621456
155866
43662
1869241
356176
1230840
1182568
1224162
1873
1648923
488538
2126553
1294270
2613839
399497
931866
2161747
1848754
1091567
117680
158836
10160
1906741
2045200
645130
1882918
332949
984962
406
9704
713059
237631
502682
140101
35
2420306
1973478
429009
1267768
724
272942
1432792
2571749
358584
225405
69236
262209
2894079
118101
2743694
36427
30608
2496265
84292
650378
31
1219032
40576
1249668
868597
2506602
435
712898
1389713
39329
1852377
1500399
2478663
546
395599
95300
588074
395019
227321
67345
76731
491861
28198
198931
810
2059884
1498065
2500548
1903186
2652380
383372
119981
266265
55518
145260
123899
742174
125216
2035811
1495638
2528023
294128
1547898
1855331
1914861
8080
86040
1200352
191391
710995
100272
1335048
296
33317
1050174
2049589
762
3530
408015
122355
30727
1849986
121717
1236
113653
1761012
60550
1796921
225338
349124
1048396
28532
1981173
135487
2485839
565
1167634
186490
410359
876
129138
1280938
1182542
2054914
165096
452646
1276532
5849
9005
1274631
2024580
1886
2511995
93378
914127
2584940
1202450
2082386
33194
279238
502025
1850374
88036
411470
5861
196894
995085
796027
673
299767
2082193
2249356
347515
2792603
2583588
521
195248
1073090
232348
32363
76775
92644
338644
525909
767434
264951
2631981
8976
379347
36870
443149
1884916
45399
13442
13146
2211211
1690221
188058
472713
413496
1740262
2060312
383855
1842533
398511
2276
633149
1218933
1315283
569860
182710
1182543
2597769
2219057
914022
81479
2649562
215358
1963758
7434
2070463
645
406425
1742989
1133849
3705
1277687
2774055
3330
1904441
53458
908937
4096
1528693
337677
1935379
82380
1227346
119864
42408
8165
1379870
595920
64002
219545
61383
105219
1137606
1636607
29542
32067
379532
232080
400770
1938374
1348114
51315
188144
1920110
323584
1314773
2305220
1725
983644
57421
1701144
1827305
1451367
34975
1481187
405301
1920116
1714373
2480625
566037
470
29486
158822
1764
1114305
1144748
406552
2153492
585
5550
861365
8130
1453495
1123502
2016101
30522
1748263
162
8175
73044
578456
2025949
348802
1300342
1703943
682697
228410
473865
2072414
644966
114329
81
2203219
336983
41058
221128
83656
158481
316
2650975
1415580
754409
31989
357808
173247
1644061
69221
4016
34085
391595
1203253
41665
28038
2041044
33653
72274
105987
2652724
507626
1450761
2026
1349819
212767
286419
1355015
7493
2080742
1158280
1736226
9696
755178
8968
47314
2527980
239144
72275
9402
34284
2083284
9135
2175091
244734
981085
454662
2489213
547
143950
56454
421628
1795630
1235591
674054
407976
1748
63737
1768108
32
2527983
672
50376
10239
37621
357603
2518177
1515666
1526658
1037660
104623
37032
1477025
175245
185978
592316
30023
31958
1492
235299
71655
2593658
56161
614
1198114
470934
78398
91411
572569
1420917
32473
2547598
6198
12968
29485
118613
1751046
316284
1178516
374063
1684
2074
71999
157687
59282
1496
2518599
1654
44012
367110
2618749
946080
561
2342
758820
2496211
161934
2507160
1053094
122929
2059875
7868
85007
717959
930169
308354
42514
692370
330734
391038
2027405
107608
1279085
2126069
1987356
1928
272774
597362
35554
1716143
492670
8519
2752537
671987
265960
1071381
10128
179882
522
754477
347834
29058
857342
2041487
433
543
980254
518766
1978547
2182384
106590
270
1556841
1247726
1990687
69539
1110483
2582696
613905
29442
1279043
936046
48665
156630
1385608
1796616
1424653
68287
91835
345632
2650471
2598579
61858
1420916
2303331
1927128
172271
94423
83655
3562
238245
391936
649756
99802
55711
50429
1331671
480780
1196094
323098
418101
712991
204457
1663591
69328
63936
2479393
1329912
930166
68895
2010829
160453
51031
815
47227
9401
1050
488729
2527974
352243
2593958
110662
1400387
16714
593907
114615
4911
150055
7090
10089
122277
2072408
517
78583
648
37653
246197
1497814
703222
1648404
8154
177439
212142
1913577
2642459
40216
5331
106592
471
689
290400
862751
215221
742737
3821
609295
39875
1860122
1118153
927083
68209
13616
1550579
2072503
90247
690850
2330
53358
189385
204891
1735038
47735
1154756
932674
2073078
8825
1297742
1537400
1328760
2202149
161398
93162
13489
1159882
119060
981071
1642857
2596949
936155
2663824
1288494
762570
13097
391361
743718
34458
1539298
338969
470150
54291
1280002
2219696
500485
110368
55513
187304
107637
616
688270
2603276
32507
375764
2136401
642
198037
348780
717944
74940
3646
8049
2305221
437757
53246
2579247
1116229
1328314
51655
2558175
2094023
141679
649802
2028343
28584
1325461
350688
260714
670
675635
481743
1627312
1548548
348824
2290922
1007676
3848
469
718
561061
92947
1561022
1505
1166130
1806994
653045
1170562
709810
1390185
366394
8492
868864
687
1781533
564608
1868589
7370
2597770
686597
38608
2136182
169760
34004
2094242
28064
1085
1094497
144197
1031387
463640
1356382
106112
722653
118163
582402
471852
39960
1030157
2653932
1365918
2120
69373
2618290
1082933
714518
91061
207710
263819
39449
351679
1917157
158441
398053
2603292
146474
1448313
237610
82996
1220924
1570939
5932
1842539
8113
1649877
2493677
1463165
2202141
1448311
1968541
1393661
1042878
3511
91465
109264
927891
42239
3701
81824
2591463
1028801
101510
888050
546874
9880
294
1437875
5804
1500254
447223
364197
199737
228312
68
1495331
391180
948519
666681
1633
5598
1427984
2341117
48896
661191
1644131
703
856
665914
1415166
220672
1765049
1580596
357572
2094119
9595
2584944
253703
84032
1121451
2202249
219896
321332
82987
33964
39645
308865
1879049
187493
32346
157782
1884905
568
1005395
1384061
265959
234621
1862358
9721
190327
292415
317
138072
40137
3662
1938841
86473
32524
62293
2592816
1266925
352858
299321
390919
8495
554131
405532
1002804
1704044
2082188
1912
698758
483514
2059882
675864
2092
600
1434191
2211295
37928
717610
1404768
460519
230640
1127122
43738
648757
309801
526225
2558918
4107
1823
226
644
94624
29029
1241978
930171
35884
37919
2613784
48698
573737
57497
502801
157062
1850093
143
1898207
39030
262324
869250
50390
2642494
330214
9103
754476
3369
6238
1122247
484
395491
1510841
816
4686
292
235627
237258
1086030
78544
10096
1036672
41431
2005703
67825
1538553
2590016
190721
618
155900
862126
94132
264
2054915
2594269
28612
326594
48699
9669
395598
72559
1681
929813
1334050
9913
1296990
452589
1211
33959
2502300
34034
1267766
47850
1582
1513890
2109913
529431
83986
98794
1851
71736
5801
1442368
57493
933842
1858678
712411
266749
1940610
1123384
663
2267253
471857
1134687
1215250
863372
214909
8897
1488
1838286
80865
1239
103796
1624673
165433
83761
2072590
698738
1653478
3664
390823
326522
1141883
589865
109961
641149
9688
80889
856822
2594913
158847
337687
399
1603606
208439
784
316280
1522758
1637853
2485218
1932
2067065
1921086
655863
2560010
1302
2594795
1811316
1324796
2528037
34067
1404245
180498
985762
2079793
1784714
36855
2224
283824
1385591
904291
1340425
2572921
886966
2033437
73010
94827
69966
76114
576610
251698
283035
880534
1522002
227290
1522409
1327635
1489341
458033
2487421
1461584
869209
556054
173
400682
9787
2153385
231049
163011
218851
114524
2030797
1294634
156889
709883
1408273
318683
2
1874826
83773
1881016
2115978
1442892
235305
1123269
4081
1351945
1274359
7091
118797
2057741
2291
76758
646637
41882
303541
48100
120387
106654
2496266
1185653
1882832
55152
2044521
1627821
2321403
33554
35732
104336
29730
85433
1313548
1504981
29497
147387
263451
1016987
1379270
85023
45065
2508198
2970906
359370
1955175
1319510
326424
576611
2594042
34038
1091006
572477
67282
330879
69578
425944
100861
75736
8005
1911684
91561
10066
1354314
1206777
550540
442694
55213
837
1353928
615
1897556
412133
699433
1670831
354
1121362
150288
911045
10114
207598
756892
231269
153622
3847
596154
1902245
1288410
476282
1938607
2635733
47883
3656
68336
414996
8153
41275
1301098
123369
665415
1848457
1316788
1028729
3803
46678
2184519
75658
1703250
1984801
451514
763921
1392877
1916917
291594
28152
363572
176299
104179
175345
497725
223093
741705
37927
1257021
2282738
9376
4432
2565782
1340429
2067572
574240
2720871
297361
1461581
32012
1967
129985
436703
2603206
69781
1716543
337664
698828
1160721
685565
2072405
370777
156304
1697053
353
2575361
2217913
2795974
1916956
579112
8663
2563541
27679
1043004
103816
218936
34012
1690815
273384
717741
1286171
1283312
99758
761193
1305764
522602
670307
1318617
710685
2082387
1964449
1303590
45658
1679444
134287
394
888727
5327
150396
9986
28072
2488639
4097
1043002
267128
216591
5476
1428
165695
693746
40532
184422
2202827
523841
2202825
587851
4396
2617991
1345702
318546
2290923
1330330
988812
717605
246410
455555
331696
7918
364030
2282523
2044467
109232
215243
194439
225992
1907578
1768242
2608891
370355
165468
743299
1827300
388357
2055463
461413
438753
2498135
2171755
9172
113562
1972431
87541
29343
1265478
235559
2831106
1500687
80811
28448
663959
10167
1336806
29430
2598697
656179
1338689
1709477
292564
5599
2592654
1093141
232721
1987369
2034
1117
251277
4527
1150469
58340
1588021
473814
2493673
28173
2212991
103372
74033
59737
1930273
1577992
1835721
1808001
315405
2610881
456900
2478662
2631580
384676
95602
817
240292
446679
2498704
2546351
1195848
2518645
5052
999552
91928
2325
2591108
158483
143999
165637
2018065
10041
10040
2218619
285
722731
259920
130453
2594005
595494
880073
521674
1267188
315492
79329
679318
1453352
1064592
913107
713585
741336
227377
1584
2527964
2099786
696485
2725666
2508168
1611770
2619320
1235461
321
384
1147
1640
5073
36746
933801
2546350
97206
1335
129847
404941
1853232
2045208
379066
308060
453590
61652
41294
172713
345164
394503
96561
314293
2072406
1813182
1211498
1836
109481
660029
72000
1616788
8083
1226757
296591
160808
1080349
370526
1692238
1457551
1792
941193
48703
2506492
576784
1391654
2591634
1491
1426
1179673
994484
1798224
1224163
761204
1922222
98658
2582913
463544
75385
69081
864828
400092
914153
1398
1772
1331682
2528025
121428
1616117
504090
412690
1104326
1930532
2487353
104087
1117313
1122214
13134
1123519
2527996
316612
1632780
5656
1276538
469616
1659194
280036
75352
2070337
1391235
283
1276141
54077
2590869
40141
1232575
757364
1329
41084
70448
10090
120107
1224
273910
1137087
108981
1088058
1637999
1492898
1503054
1707785
1436084
171627
197562
477641
2038116
9835
881
33511
143995
119219
37914
1160497
34305
1643390
515489
164851
862962
75272
1909395
767452
538025
1743168
2014
4182
3817
1028800
168469
1261031
1332188
37698
196023
1449976
2601898
507
1324931
128442
1879050
1146883
80864
28141
5811
444444
445709
28256
1660
2518644
33059
3981
2614906
8830
358220
562970
1401087
68175
1687289
420245
2282309
2592815
381754
1717
574239
701042
3827
266264
1938604
74426
2651284
2259595
1435069
398767
392500
57397
314275
401619
202097
321846
2072505
41047
56646
1528822
2500532
395965
346
1434011
2563496
30192
452863
28875
904068
5128
28031
528244
1051646
183795
104421
2497456
1202531
2079535
33386
193462
338966
342668
1817
59894
1033991
875171
340345
56319
95486
767031
577650
7263
143223
161896
2048897
2057800
329726
5141
121589
504568
1892855
2163413
749414
561231
93219
914
6239
445932
220915
1862950
24
1489904
1192854
51049
97700
455432
664426
1620421
454594
1727164
627192
9565
279058
47715
1245526
1618022
28091
1130832
180282
3754
271865
114890
1879032
1288970
2745
747
946126
51665
152831
3627
1177
307959
7217
2042712
1097677
2528024
1243609
1960
129817
382
55567
983964
631220
759273
30560
413503
693985
91890
10026
1324350
763407
2365059
9615
160799
5478
2039870
42167
30301
7230
697281
450378
440085
1075
1798193
34735
1397361
28985
1529068
2528683
201174
2014076
1656
34856
634176
254247
2806
463040
1981174
1001585
1909732
42253
2209
2705399
1094
402385
1679
160674
2562284
637905
2024005
242600
1877
492
1167006
1249663
651822
2579935
96901
1379159
591001
2820523
41199
591228
33995
569
121224
2419771
1617283
1678
446465
96344
1136497
646529
132473
332575
81972
369723
206506
1395570
754429
1484116
59732
79200
85518
578459
46677
318829
349709
44000
38037
1196095
2025808
1159613
1130997
1454585
879274
310752
75743
208452
611
1156394
885580
49274
8996
1676925
2079792
69395
406818
42345
1839728
2759736
4615
146937
2202148
1489388
191
60548
290315
1814128
105023
203269
264483
1437877
1348662
1301
1416753
526226
472569
1246626
2434
33882
728066
626937
2545632
2624793
542
1608473
1435607
38310
848
118200
1526571
103855
379
2067415
119562
530584
137545
1288
317577
269799
43219
75365
1776995
664683
164674
6412
654
391626
759272
1415548
886961
34072
446471
2045280
83406
768
1173280
5341
189426
2133959
29053
77225
311230
1382466
1850238
1982042
3917
323284
206008
2479367
709986
1205910
84567
1560345
387
72446
7739
10334
199201
13095
857087
192812
100381
176505
33203
2571029
84531
9604
1903411
314225
1338368
1344959
1313172
436907
2559073
418699
1940762
1761016
1903694
1055531
136842
1489923
10912
274
80842
732165
78866
717785
100182
1086726
2017485
1465
1168034
1211322
714
1172567
13684
260364
1009846
362198
37921
1888
56716
2315253
156230
2231055
1779382
1183725
2173034
29760
2316383
1076588
585425
1005048
1041522
1389004
240206
53409
1795053
1889
7147
28743
1325095
37413
129140
7764
2605747
2492837
38293
710787
505249
1325090
163735
181472
1214242
1109412
1689
363408
1036673
1442369
762376
1415630
1274
885040
2174846
1590
748247
2079806
131097
71139
56460
460265
1904640
1248727
338
1670800
6087
451864
8469
2306583
47886
882378
1921510
431895
518
991905
84565
417367
653948
133076
712122
32002
1158459
1297793
261754
190192
40318
178133
186181
986
2496847
379731
2283318
1385663
1628059
1121448
1234273
2506427
46729
236234
143302
37003
661481
1189310
34989
1842536
9657
44139
547559
1594731
2493678
85057
56110
200450
2609290
1922226
406548
9702
216938
2585717
392499
661488
78245
2605989
57498
158898
169863
539
1136231
1755147
2003551
370622
6573
1217721
157072
1167051
1196835
8036
5691
1183438
522373
178899
172042
52
37326
2478464
2003121
196821
162155
2014920
205918
37929
1173022
1243616
411798
33958
3755
2654982
3708
76193
721885
291360
1805588
658445
1479019
2493672
59729
2528018
186628
749222
8790
920
991
48498
135740
1893
634504
2575374
569360
2220096
522448
168471
1232139
2751
4565
2045451
907238
59474
1221500
481
27647
1474
316401
342610
1245
1883414
1978339
52904
43179
247523
253249
2291597
342949
568703
1551499
5207
639310
2527998
1004901
394104
1430440
30611
8502
2065379
328815
1283291
30420
186193
322535
1885
8030
762903
357804
94122
7624
441894
9371
2203210
73501
335929
35658
2509458
1898474
318161
1128398
336306
245188
131112
2033435
1339250
1300347
234827
34839
2570229
5802
1229662
166789
674703
1922215
457428
1630135
356837
165696
340180
1710
85
171638
1879023
435897
5833
192944
1750
658629
54571
1783272
256839
333
665007
30538
2163011
297
9940
204414
33169
1396826
155615
2609418
347
41899
2083053
2597701
163877
159765
1408159
807
853
370764
9925
2493674
417368
104688
1173288
441959
34884
682998
76832
1678678
155911
5854
2499144
86840
1259973
528191
1477431
1429044
1402210
550
261658
337191
48479
2819280
87175
1078773
54005
91750
36300
667725
337243
1437360
5659
32519
441366
4781
1904616
1434111
1725355
319795
2143
59753
657324
22
8782
7955
187382
760568
1638162
2268451
585469
1573704
526646
88723
1188229
69646
111781
1107
376911
7160
67304
1514074
94643
2026729
334819
211228
2759
36745
50402
2482728
1674922
378817
1150461
907261
1301032
2268087
9520
674
65624
2027919
155038
43990
121719
272569
391290
309800
1407499
1069642
1325115
1809410
637971
2169583
2916397
582702
64187
1827481
523791
526222
7539
2018025
1080068
133551
72658
1448317
1435044
1931241
400065
221924
2527990
1417228
1603294
447217
1883416
2268026
600724
2017484
224013
1469502
2528035
1450535
1163617
86265
2493247
2082949
1940642
1282
9793
1564681
37293
223781
2109688
158627
1525
2153485
1300344
569365
1978467
1618600
75105
219572
486398
2527978
119045
2021985
2767842
82985
80870
1038929
1776
216778
1813879
1737490
1035377
77519
13778
2594883
2233999
1896175
553088
48701
1454584
1674311
220664
57412
881260
471704
38574
40559
135613
1632
47857
131310
508668
658644
2743
517418
582
621
265211
367477
1868325
2211106
260995
1388749
8022
51351
2177
2028345
33986
1579316
1825957
488
662
1299270
3988
680683
300111
1462996
1813
1940612
1684307
161584
588932
1882747
7213
2301
472834
694430
10162
171282
413071
115555
37734
35925
1179672
3650
6125
1867744
58853
2137841
2021971
1494608
2220073
2490851
4119
199310
1293276
10088
639200
1806905
29278
80274
1452364
3816
88087
456
4564
272777
302782
235567
578455
487909
1288636
2184053
351627
619300
632348
1528099
51980
1901
6182
1365824
43306
356162
446466
8952
1866885
1470176
2547970
679716
862701
398577
393921
62287
200453
7111
2509614
76892
1357915
1255043
115981
147550
1332075
109461
30019
264451
1408
869212
488731
1763534
925775
304378
10116
212695
1484158
658642
105297
1702325
378806
145400
465541
1416627
3818
446860
59203
2587412
1659
1636152
546871
1565605
396313
762633
316279
216968
1690483
1193713
696281
1254432
525903
1246305
300019
158386
674034
1764295
95485
1457873
2487074
2599401
1485
1437191
859656
871738
51337
1781547
2304594
2104
1349767
15368
1461583
2724
52771
1076596
1522189
2259340
498019
44394
1148453
299262
3854
2055
258594
497727
61853
1550024
1881061
2497325
50047
154116
1744
1902579
2583823
5619
61646
218467
1609966
322104
151081
1755504
2591633
2706
148814
1938605
754523
374923
28829
5866
1912795
1490393
2021862
756499
1896961
13165
1767
2493669
45398
33967
563
211114
1406512
9347
544
874519
9749
147370
1914992
1448321
30025
416
676208
314722
242072
553
635
2493680
1814290
2220095
1329799
1043005
157065
929439
1384459
2083786
151783
356851
536019
2109914
1500686
41496
311403
329627
751944
2594003
1389011
2604421
3635
8032
191610
7048
69666
1087448
2259
2590015
5741
405002
78168
1821621
1647110
29571
354276
223967
32033
2886822
367775
92945
375
43263
2602016
3700
413882
2033869
1341132
8082
2282656
210
401618
216595
473421
358
76761
486041
72004
1871047
37347
871575
585112
1636606
1867
2582905
253
2071627
2487072
10177
2592223
2591210
1698402
398579
2596776
87882
55952
676210
225164
27592
1302308
395492
7924
1593482
396
76123
89065
1246995
195709
120793
33938
2600320
8111
1807691
114517
40151
1795874
217
26324
330816
294381
1181594
44092
75588
2600177
1482074
1509407
2479546
655307
1649184
2093
3555
266940
632772
32353
247156
2183911
1090615
446469
1620215
1356852
64176
404084
2066049
2498848
43767
7719
2126321
1183400
1646498
426355
708131
114186
743720
4155
796401
2585771
1636609
41297
164546
1807790
1870819
1120762
555079
1671721
479433
2580515
2041585
166587
1884907
1386
3352
2579977
1589
2041
193079
964
621376
1294262
408
55211
1196325
198806
1390
8803
941161
157779
1404367
398527
768543
1324932
388950
40155
1986146
58226
86185
446470
75756
1267021
419947
1147786
1515612
9685
225344
9713
188937
33550
59843
99883
1938334
1810919
747089
106589
1196031
67372
985043
1038924
858619
352472
108931
1206383
1199245
435459
96773
1236046
298657
414778
33213
3005
121573
743375
68219
53984
1074000
31234
437900
1137095
1499973
85006
1266845
414684
1759059
158850
4943
698948
43
2559597
595536
161071
129982
44745
196159
261654
50340
6956
946334
1303921
2547600
36805
355468
1761895
632773
82115
1223802
876364
169427
27337
62690
1216962
1123366
1624451
135614
2631404
57975
8508
1458461
105296
227605
1653
40324
931890
1434072
311180
886293
727
556534
283734
730
2267264
2663009
93944
2377
497
1191459
745277
2597659
2605946
712624
1945662
217204
1954171
584
220684
57320
980251
1450539
450851
2968969
1442032
50719
272568
441620
556053
287
79327
2049881
1159554
546414
455488
86192
1675691
451
1179773
230081
595528
2057026
1366050
508690
1844051
2055451
1424294
1618207
11646
89059
59922
2062
1788301
33090
400727
192087
63612
9978
69073
105559
86661
169679
1736691
2059672
407020
1921565
882211
4447
30066
1392255
2565555
7260
7897
1592106
1784719
515849
682798
3673
237609
394958
1969806
1624787
642566
135621
1489922
430441
1072463
1608957
136037
61125
1973480
30942
381
404380
2282475
324869
1312072
891974
218208
272626
1612173
271420
290397
8783
7959
2083052
568817
27687
9430
4530
7038
9407
9483
1697043
926550
217070
1923530
386
93218
665079
64838
11676
213
562959
225343
45363
2009329
2968968
10119
1806885
380358
7461
711772
135622
4236
1082704
1298
1775411
2597660
931281
115561
1917485
1235990
1382522
1379909
1279013
47879
554155
2572036
29030
38568
2627398
1623309
324602
656178
8479
1830
33945
33154
342108
157257
103721
61015
2072407
504472
871585
1077935
1797
59510
2083054
85402
125945
1643826
136843
299123
880071
1642646
2509459
28068
6072
482957
572544
1486034
94286
475719
1649453
246194
2559494
682795
42197
482
2587597
2528021
1678128
984486
118110
362257
2072413
980427
89966
1802984
2591121
1690248
905079
79782
30464
5698
339670
358574
399742
694068
1641402
573370
1415551
204042
416099
2161816
930806
468
2500533
1281578
2020486
1848517
1909293
1914471
80966
9531
56
7952
587
1847728
13735
760192
1553431
131567
1867922
666
391
9639
45354
1397
29581
1867715
645517
114398
2528019
2047966
281915
1637862
489825
29218
130346
505693
1079
28118
9126
61622
1911587
868595
312306
145388
109280
246201
511062
1238
2231382
529120
395494
9644
597365
2527984
415934
476281
391735
1389192
716928
2283214
72803
1829
1549675
2527973
1874630
9569
2219213
92649
1618337
9823
1707703
93934
1927
9708
7224
1142394
143948
146131
27291
2079227
59463
1577684
264445
349521
861360
2527963
307658
254056
28737
13687
907
1564506
204773
133434
9747
2789216
2675448
3641
9838
117539
87883
2005884
351671
105984
340
859143
1567092
1679497
1302376
490759
2144175
9597
294842
1520
2878388
1827469
1408272
1136941
1237085
1855352
42328
28113
1239307
2058136
676
210143
214473
511
38323
559295
1173273
314146
658643
559298
302485
1762
1871037
123368
658641
1036719
46322
235547
2077147
3689
1202962
665024
797302
1182541
9397
818
2008911
1508404
1523415
2821832
76859
441162
1337936
2339259
2056494
1396
1812935
2614639
2043170
75265
660596
1579979
7222
5679
43770
89018
100268
1325724
1116391
2203204
37616
1932360
1561023
2006110
1268635
456472
52237
765912
106648
254878
1978917
58346
61648
2508882
51338
418784
2109915
1853130
693444
1073999
261963
1357292
946362
1347341
777
7957
1257118
1082851
298
29494
254704
1573720
43700
70779
251701
762982
1917421
611301
1727196
1359
1312183
2547394
10047
1699622
9527
1795631
1978617
2528020
254011
186826
2500155
1042160
2590785
34037
1803846
2507582
636
556288
298654
2541726
1792307
1081104
589873
7282
27620
9545
29139
1680
2070369
67263
1333996
2184575
1416803
1841863
33340
194
1404
1690484
1215087
34886
9534
291112
453304
1148509
1665184
376915
265072
445576
196968
317936
472181
2170729
186634
629260
1041015
35760
156588
1497
1390229
224129
1763535
2126319
2005046
504901
1798223
30419
1736
56448
2014542
2575440
73141
1249473
359160
2014541
4555
1961362
301
10045
742013
33208
3068
1795
1004785
78828
643417
32525
2493675
2233851
28901
9642
665912
37329
266830
35885
63
314295
43845
4479
363952
1045808
69277
877805
64144
182270
2585135
158823
2742598
1752398
2508880
317513
1458426
1652545
332648
655015
111527
101667
990067
2083051
1561003
2026199
2320270
1416806
244447
2509675
1882682
1887316
47885
1306519
151771
577
1367847
1812480
3982
2527995
47770
7220
5059
2005464
106633
43611
2508180
298386
871968
93060
110365
47671
8932
56459
4442
1811193
143642
299152
2652443
6850
6127
670516
396588
84642
579405
1265445
10098
7244
32523
41276
2528008
69527
2049332
48
2561924
2527971
269673
400634
4922
321984
11250
7274
2594789
2493681
105150
65550
85015
2045452
1920667
553814
1249552
13443
2711
1476
47884
1838074
2587163
979556
83291
2108109
28556
1771309
1229727
1471761
2083055
325217
83167
10091
10029
76869
2487344
2479392
803
3469
1610
1604004
1434214
288647
1853278
309803
1632864
2033032
2099583
869210
1711
2364194
1785145
307121
1037911
1173272
412030
1915078
454
9365
2502843
72558
7245
2547962
1484693
1770
644282
2601677
174628
1055687
7130
1804
418459
938155
2743710
374606
692275
198620
62624
1639133
200555
311790
754502
1346614
379584
332055
75
2211210
1849983
157592
8496
423536
1179675
1265309
2507935
32536
640030
5506
1549858
477680
1261127
158500
2071710
452652
44742
1408789
487316
2202000
859655
374982
2100421
452637
1432049
100784
310915
1978566
88015
1886807
1437201
323097
84753
350058
6689
2592652
1295533
1042876
47865
479705
1667024
526658
28211
797277
299146
1224164
149040
633147
34720
29380
745310
2555548
890
1868482
28588
1590041
79257
2488809
34506
1489921
300
203122
6248
75985
945713
718192
393011
488447
2017482
1619308
59814
1486262
2548456
638
47466
1705566
2630922
629680
158456
521011
1408160
1649845
186626
325809
506
1613
2585119
2069256
94
36856
5529
423349
667014
222136
232537
171645
59895
1855380
51515
2610897
2099584
337730
1792508
2520507
210632
398673
10100
2527976
1391653
175104
608538
1028416
2080469
1193499
68173
779
2025658
199
1981880
112498
1811807
316057
1478114
1658665
909768
1664069
555778
1334193
2614693
43657
2015173
1737359
551989
2250055
3197
1835254
2895353
560361
589382
2489341
977880
1357279
1985873
1176587
47428
2854170
929713
314260
552811
1145276
2488665
1276246
37332
479431
2498113
38582
256676
6500
680198
85047
80869
8019
479432
150083
38018
4533
117571
8028
1141221
122
7741
1736046
9305
227322
1571
2589797
2021234
1173284
758793
587753
210225
2622653
1814228
2042057
186817
888061
693216
99822
1309411
625352
702115
228405
755307
104005
2051553
2059318
1760
1537102
116153
64791
2304600
1341692
50452
357
174390
1887
248315
10118
7070
1588023
118781
1778262
2906076
296543
691883
573065
155920
1822464
13149
135461
205922
1625785
200451
204455
304207
1363
319058
437
82516
873530
2319843
370438
2590776
1415774
2754056
9544
745776
2493670
1561924
174720
9903
56765
135619
1583341
43675
488732
1295141
748650
114707
2005388
1250539
12956
702113
548
419479
28377
573066
187880
1489908
491952
113540
129338
2054919
30069
2493644
1555112
76947
170679
1071380
499555
58024
44251
2742
553239
1805827
2487774
33014
4072
299766
1458425
138328
1839799
114
1930557
1334629
478801
2614638
2496836
63155
765910
273921
1658671
114313
9238
1904944
2488560
570277
1296096
1568970
2684913
28449
2761123
2282124
134617
1716
1833852
754035
645133
2086585
5855
4558
55661
5762
2203895
36822
185008
4054
2585716
599
1410327
575540
186802
293
1392250
1117110
336963
158899
44415
700213
1891279
359110
2901164
858215
204669
512649
2055426
32008
504
1503055
1123016
2211107
85643
306901
29002
395960
29088
91925
525898
653884
903510
178035
4113
115553
996285
139021
641491
9
5786
88456
1121120
1302659
564
2321394
572478
2559074
1653480
525904
980419
2516557
1178515
1105107
910348
45067
1873716
171631
10042
2294119
1003195
52670
235631
675094
260552
1473112
61645
8486
38294
135577
1219491
1639348
443906
70775
2173853
2014534
2048283
3880
6526
57078
79883
3055
139825
364410
1866325
1270
1664694
760154
190895
33940
1457250
2070188
397948
38301
1161
2603598
2518370
1852022
264730
1434118
249061
33057
1905847
693986
2320858
104926
9361
1227
8355
83262
475
438356
443156
35806
147369
61647
39946
136845
1267562
2320867
495
3629
9632
335283
38946
281090
2048898
41447
1332080
80868
1573712
426114
1384461
1932004
2382165
2576891
290398
1534
5664
585423
1294025
69
2567884
640081
388919
929834
104102
164759
2599640
9796
186625
344612
386891
38626
901
2026785
2528642
380703
760570
690566
1091045
56783
8673
246021
77166
2604832
2547399
2890311
1046
1983599
1330547
356
10224
1411621
349853
47880
1736675
1930277
1441629
1176649
629
3377
565419
225937
1192197
1280
578457
643674
1650658
1658672
2025350
482462
1055467
1114970
33074
197563
7229
394588
566
129921
40214
244581
303
1208324
1605
1761922
376489
57704
388762
110193
511765
1914525
208964
2268024
1849967
30732
2146
213810
2822410
1451189
1920883
208596
32264
1437824
82367
1805958
363852
610380
764103
1042311
1907575
729
83889
1695178
657308
1460663
67267
723608
1335061
194408
225991
504457
38654
120045
32358
1605891
281093
42256
1940
68249
101020
519472
680279
2527989
3983
928904
56730
1752064
6289
1094342
278153
6565
8128
4071
7215
946333
365046
1571833
1448322
983917
1538644
9436
1150468
94835
286
549
1112204
1433126
42026
62037
27673
535
113379
9694
59919
158189
182337
65393
763406
1296540
652
1176536
671144
2057025
1470434
2602015
8478
6945
1759399
1834205
2624265
320372
9836
2494373
1441467
469383
1702043
1552759
144034
240427
253966
93
502779
6210
1785996
1752063
5827
1225778
152682
4944
1758194
323848
29656
1184
945844
3218
2584466
76777
984195
999541
56458
280463
2499213
2510399
1586287
3764
431306
36668
105785
877507
1662285
91201
28894
1642177
110450
157783
34062
5809
316275
1748243
2497863
53336
1871022
136849
1150601
485918
1933880
2219813
1504
869211
595605
32644
2078691
78156
758847
28025
391616
571913
76760
1856685
1282356
2565558
360281
288000
1071383
68570
39899
266835
53346
295567
2027860
1326
1269
188932
188344
633807
67003
1111519
1415568
634113
1245469
53407
425104
83566
1294143
114054
215743
342113
1110502
416591
55564
1737425
48664
1355477
1278073
2160
2487765
2575375
13333
74649
77133
959
1172565
1915
2594007
257438
623
1037915
413404
2259620
1262470
83485
1987723
628
1897729
218491
1778675
2080419
1349754
2020312
2005885
179636
2839105
1323375
2070186
8023
203682
525897
1851544
80852
1231522
2201356
1314869
8078
2067960
480
269660
1263550
49451
1781
78543
1945512
698492
48883
722472
1685
313603
741275
1284
565663
2592655
2015316
357809
361183
202954
1874061
44249
2303538
361101
926570
1969
939075
365044
293826
35841
858893
1218
7962
3661
1076
150203
321662
284592
93504
169430
158190
343
1411902
79684
1166950
2565926
56323
28450
127500
1441930
403677
2589074
1563222
230533
9722
75294
32341
2590021
49369
96942
471853
112509
448692
76594
2213200
2527775
4932
1536775
2163016
259564
244566
1127134
2565366
189445
981386
35883
2319844
1051
1495144
1407071
1128334
483547
426418
72664
34695
415028
1387353
374
1863008
1478061
1353976
65496
1263415
35570
1355330
633
2564040
29443
343509
78587
169669
862507
149016
1209926
1379
748647
554065
2589080
1667168
2619626
1542390
2231393
145261
7165
1882749
1978229
292800
747676
664962
93217
926562
312227
47578
351160
180454
190893
161492
457423
1849032
7227
8160
72781
1408189
5480
69319
370354
667019
1225174
626418
282423
2315862
381666
1903409
644352
5800
27486
1331258
716816
442898
75682
666685
28119
717740
410302
1082931
152263
1314
591936
85066
7668
3712
441209
1724
42236
1583
590
926569
1385
278992
8473
9601
509053
914150
2902295
30863
41067
1778263
6183
1420599
1231624
425265
83427
47420
667015
2217867
561230
37567
28572
367825
2502779
8090
630
2567881
59202
1047171
30195
332411
421525
1229205
9681
1408277
125878
34
9071
105689
1740163
452662
72801
71997
1636610
1052588
634177
33903
329
2231112
644801
1400868
9612
194338
2613769
981222
13164
265883
1077946
771875
66420
68223
2530169
48736
657314
1445510
40323
359
1462606
2108191
77588
1218493
221912
1305
743721
60890
5543
4535
1684789
1296531
171245
1813629
82995
2607531
1871021
35814
2171623
204038
181119
379508
7137
246200
2495582
1296669
9395
571
1207075
8955
1647
413067
282676
1816218
187101
28056
196896
1266738
118266
2731619
882519
89673
1108972
2003188
1040979
1749
2292766
2079234
187451
2008794
463014
580332
8839
138
209855
1793131
39947
5820
1712516
144017
208962
2615203
797299
45264
409438
2715852
1823759
28183
1725411
1307761
1367422
1643450
141451
9526
441375
157538
121872
47878
134909
49012
9963
1178482
196164
75249
1637975
44008
179676
45972
34829
230844
860235
2448483
562
204039
66656
2071621
1578
1882757
112262
2004467
1399952
2483671
46731
1093900
1108595
44250
279113
445
1111069
85698
2048978
90370
172045
3694
265293
13690
377629
1798205
1214179
221822
200361
2303750
1442371
1421430
1163748
56956
235279
1653476
214907
716
442
2629479
312017
1935
1850526
1179670
2338327
1545728
181522
51240
290633
1085623
192523
1898112
1515
187272
62322
2493676
552756
482537
7776
137722
314147
278008
9507
301105
35500
251221
419475
1125
1226968
573729
2586643
1484157
696127
93064
1926494
57486
1678028
660522
5658
28037
547130
332241
1705310
1215088
47716
479434
1249477
222929
2604047
316058
1264460
1423
1367477
1870985
2599308
1785128
1855823
9452
2303332
9114
1448312
2153354
158841
29144
9627
665577
1791
2588536
9031
1029756
983545
35019
1424779
88688
76802
2599297
1208342
2020377
1243584
2588534
10093
106634
274537
1348660
199306
40674
255045
691
1399115
28209
3649
1208104
38705
2596890
586240
196198
2626549
700598
2005462
1756988
943347
1114969
179408
1078252
479435
9258
30033
212818
2599600
2598861
1548547
4953
266951
2684212
1883
2093856
305
131426
1293412
13398
1881
1881017
272633
547489
217785
1699513
574566
115808
400783
121570
585455
2126346
1185652
164973
13686
29484
543877
1911175
102107
1192162
402881
1262452
1598
861299
296987
1389005
1842540
2493668
54383
1026970
2058135
7092
1437010
27334
71804
1793722
114090
138074
10181
716545
774
156563
2528010
5061
1564114
246048
1907
57068
530564
2293862
80866
51953
150123
64793
188056
573413
38300
2057246
1618372
351605
1678129
2583587
1298851
1720343
1871025
578458
463025
2023229
2602769
465721
573600
375286
552
162496
215250
9989
1588
1891926
64104
192
196024
109478
862719
2483798
1697
123356
643562
1191300
10
160699
4085
538966
2505979
1285583
640132
1522432
650164
44283
670052
1515608
103695
33033
3871
104341
2591606
1431546
2207
1609758
9646
191215
2018067
1352
999809
2341112
1778540
2211140
201
1334187
4232
9755
1446794
638303
80880
7200
925818
8464
434
441
28108
540747
8821
136846
134601
7742
394145
536
47877
2741499
52774
83461
1769779
656366
296587
471854
5654
1788
1619313
167879
2552945
1936029
2382161
235558
266117
1630693
1835702
12916
655819
34866
422676
1891675
255507
375454
2560053
2572577
475662
9598
2420509
1911
1197717
10097
2067957
47858
1268
155892
2608981
1852373
13068
980083
1841481
9431
2593676
75697
356852
1804986
660122
2365021
291302
1493511
1330375
185453
68214
1034889
1871111
69665
47872
1839801
3792
487184
1825976
1639
420662
227292
2283195
2575923
94694
1708480
342950
1395794
1354302
294750
1345117
80840
6334
2081702
1765967
197701
2625375
1351
209118
520822
7998
1587
217203
1844971
222816
2183582
392593
1578925
1207504
71412
2518971
35718
335543
1763998
2052956
630515
444103
3750
2578110
1244531
669
702114
317655
1335757
37372
175836
204
568768
2508306
1051616
29378
2108445
706587
1833
93973
1441095
29729
2489595
133901
485916
1138382
155077
1123251
1079985
2483110
1138308
33392
1547487
551
556484
5693
2608980
265
278137
786
47678
653685
2211212
129247
1243602
712
33069
706439
1032480
157739
743525
37344
710421
2058657
1922217
91224
197
2579971
663364
2011159
3711
4091
206389
205130
1411117
1182970
9895
93220
2419774
4006
930805
290338
563466
76759
1134435
1306405
1848255
1934590
1921421
588
138949
147645
1930274
68449
1532905
40354
1296122
234
418829
5516
2003370
253237
3660
81682
2033438
60552
1702287
1294273
231023
935199
522772
1843368
1348584
557598
2061
2203205
1675036
9157
253628
1980001
2530390
2808963
58331
446
160399
2498451
4577
1648030
326294
56559
9608
2202826
1867997
1846278
168631
124917
1917158
114715
1181512
1828
75366
321661
1211579
1675686
717962
1357916
2060726
75913
1081940
1279
1930071
43146
2213017
7159
446692
10298
1097668
1889813
879243
156976
341663
469371
63629
1454006
225143
84096
1169606
2014887
323261
13280
80765
2201999
2185142
9568
1433141
39432
1841249
64571
1410605
9593
127582
1104678
1874317
68203
712270
100225
502558
847
523846
572307
417
448385
879819
1227739
207559
77298
2592345
1810504
1628086
2619577
279826
797303
194963
2511069
661478
83428
1609967
71275
79629
29471
758802
192421
33910
1503210
1402
116188
91347
1444684
1407059
222
36773
1166018
373903
281472
652787
245014
1896196
875328
6656
216718
1211326
1855875
548479
2495645
1679096
512565
9263
2571096
301102
516756
33025
1050711
316067
9539
1670830
639283
1781530
380087
206
145259
1354275
225848
1333523
2157
323850
83558
2893673
2502791
121845
28090
84112
57495
64459
1343740
1259844
51173
1406
166361
29384
553510
119857
55508
1471957
29159
186990
29908
39777
39442
561229
904
3913
8089
331117
445710
717646
907925
1348774
1173270
1894
2604941
2483033
1896164
400212
2527979
1484118
217634
246437
101571
1072389
3726
146130
393662
1246301
28216
314145
1737588
394221
658632
178399
198618
145522
2029986
143387
272630
119977
1573714
1078390
2527972
29078
1898203
6247
1335060
119758
1128331
28135
135616
2285
1527435
302409
1908
44935
390379
28526
121567
2172099
542395
1392005
43346
1435058
546367
136857
1415775
108875
46257
1173283
1921087
1905858
795665
754423
208224
103944
270351
8010
2072936
83614
1179669
252514
211586
2005262
36330
2640874
2975441
69820
547985
110107
8016
2591644
2718
1842727
2045
260048
1072256
1178778
326523
1844006
2500546
1930276
1045855
54573
4952
1186058
308754
2055748
641
1795043
310581
246787
178876
642492
9789
2571746
479978
321985
159819
743971
292414
2490863
432359
1442136
226326
2596828
83263
34638
7574
126385
405948
652764
907742
204037
2653200
4950
153496
67593
2712698
2173854
1094489
28105
2027290
496014
682634
2116657
57441
359068
77206
9434
327965
404589
292913
9999
1758178
634157
1041138
1735162
47832
3483
1
418107
2593973
5140
2306165
10141
36809
1677857
470924
285665
559304
65634
257496
69293
135569
128827
2585118
1796606
2520506
232941
351607
251653
1906742
2100422
112090
1509
28095
376
426117
236753
2657482
579137
1078471
634500
2558032
7176
1690485
1842534
177155
857417
59511
2584122
180850
47421
2070348
491874
2756
2605945
206351
1882833
2630178
2108470
756883
748280
9691
1031538
1261581
651740
9785
37040
1124983
1721091
1869170
1855912
40566
1076696
7460
1608996
883
177437
510951
31033
1329961
132908
401471
511745
9153
454601
469378
1315974
321983
1332264
33899
290110
93222
1385664
1536769
1973475
5850
134537
148089
5671
1706337
8930
1885025
2518371
160798
53707
148305
91844
29580
1650
198
159322
867076
2594473
545695
2077182
228921
75612
140095
1827
243365
543736
3075
68270
1372
314281
658630
7459
79612
214687
105
906689
2653853
41977
512763
480520
2674991
198431
67827
1402135
146911
1303518
58919
263763
172142
526949
1095630
420953
1549949
1826607
46679
546271
2707005
257708
2509341
1536772
590991
9915
1214101
1398559
368607
1534110
53408
1007105
670580
1350
582899
289003
283686
763057
402297
2716812
1912216
1249553
337
128780
240015
888845
2807523
41514
180957
34157
716546
300231
1742771
937777
1746199
1749259
117157
32443
7604
2494701
407
439334
9209
1299
2169400
384990
263358
1221522
452
2583243
216816
1898684
28231
352
2364787
1288394
183663
10020
2507161
2603215
32009
1850250
396595
1805933
1682113
143222
78327
31271
85025
7425
2698682
2488668
2527968
1330545
7479
1580
340146
69964
63415
207340
8364
208963
291757
1236179
57480
291636
38727
529
570
1489872
104268
573
548476
2107708
1714849
1597781
191028
985665
2584094
171953
1071378
10036
13689
1333534
8167
204441
1389489
529883
1905730
649831
1703
1609977
59201
1075064
27457
926
157920
2499145
1079827
1047172
1104324
7953
1931
14366
67258
869754
1325564
1562977
596707
95641
55601
1637869
526811
53633
10995
284034
1934914
39616
1041607
575233
1117647
1747
1824
10195
395963
3659
38901
991789
9528
165697
108098
8208
1532023
543913
2211160
81985
1149133
1916293
924707
1482
311402
436515
749
586833
69083
1634516
693982
98318
434131
39765
44577
77227
286706
129394
1084570
195105
33050
1714845
47615
655827
75702
293088
1972068
2201350
138532
7232
36022
2004468
1758689
449
2527975
74546
146923
2836161
911022
1840283
1306993
1437183
2564436
2005456
5144
83654
216596
946483
86304
13035
93221
449461
1768
983966
38785
1867846
688394
56723
7145
1328866
168807
2562282
223283
29419
1858609
1235441
90675
1842537
2510521
1006007
9555
2590777
136841
690307
204286
2603277
1569628
1237626
5082
1855519
2305508
1245471
2594004
1004099
1628392
9606
63459
35817
1395938
3633
2691357
244366
35823
595537
404582
2910984
1532555
85623
485745
349307
596153
947515
431241
466050
317506
4513
564064
1983615
48296
653667
2609666
1792449
1870820
1104679
399736
338963
1915309
1578165
8186
42254
4956
699035
2037915
1472767
2527691
1291540
9244
441921
57743
128105
99598
28109
44056
1543721
9974
1064539
190148
1088721
1223515
280699
2626047
80972
82633
1408657
1729720
1173025
1168221
794903
2039
395495
208223
1891186
741155
1882831
546160
698761
666686
651129
230089
2483401
115547
145856
458817
2211108
10053
72407
220671
1214604
28898
695850
72098
2033033
28189
66896
613
339
7994
2593337
2583851
28084
8845
7950
1502
1242108
1323664
8081
57665
557723
335406
191390
715
2005457
8187
2527982
1442370
418223
1130798
2750995
880070
461836
880074
1262462
1442901
1343
1783515
161899
33932
1903410
471827
671990
2661553
5518
2590775
43771
1450537
1393
930090
83891
813
43658
202946
1938606
5286
347534
1182545
263
765698
3760
32561
1380566
8255
380
768066
279965
89462
1144275
1068978
3914
86027
3193
2961925
310767
2676541
2053
109391
1440763
47763
1663
47917
963
604330
10032
717634
1806508
176946
3916
2250252
